109
34.594 -116.429	-0.01	agmt
36.319 -114.932	-0.01	apex
36.050 -117.522	-0.01	argu
33.540 -116.630	-0.01	azry
34.126 -117.897	-0.01	azu1
34.264 -116.884	-0.01	bbry
37.040 -116.621	-0.01	beat
33.578 -117.065	-0.01	bill
33.962 -118.095	-0.01	bkms
33.610 -114.715	-0.01	blyt
33.963 -116.985	-0.01	bmry
34.919 -117.012	-0.01	bsry
36.918 -116.872	-0.01	bull
36.745 -116.451	-0.01	bust
34.333 -118.026	-0.01	chil
36.746 -116.766	-0.01	chlo
34.641 -117.828	-0.01	chms
31.871 -116.666	-0.01	cic1
34.110 -117.709	-0.01	clar
34.353 -118.411	-0.01	cmp9
33.733 -116.387	-0.01	cotd
36.808 -116.569	-0.01	crat
34.039 -117.100	-0.01	crfp
33.070 -115.735	-0.01	crrs
34.124 -116.370	-0.01	ctms
33.390 -115.788	-0.01	dhlg
33.733 -116.712	-0.01	dssc
34.413 -117.860	-0.01	dvpb
34.104 -117.526	-0.01	ewpp
34.410 -118.894	-0.01	fmtp
34.204 -117.398	-0.01	ghrp
34.784 -115.660	-0.01	gmrc
34.755 -116.430	-0.01	hcmn
32.706 -115.032	-0.01	iid2
34.158 -115.145	-0.01	imps
36.459 -116.099	-0.01	john
34.267 -116.433	-0.01	ldes
34.699 -116.209	-0.01	ldsw
34.662 -118.139	-0.01	linj
36.746 -116.308	-0.01	litt
34.734 -119.104	-0.01	lvms
33.857 -117.437	-0.01	math
36.633 -115.979	-0.01	merc
33.918 -117.318	-0.01	mlfp
32.892 -116.422	-0.01	monp
34.231 -117.210	-0.01	msob
33.211 -116.525	-0.01	mvfd
34.509 -116.148	-0.01	nbps
34.370 -115.918	-0.01	opbl
34.428 -116.305	-0.01	opcl
34.367 -116.083	-0.01	opcp
34.430 -116.149	-0.01	opcx
34.533 -116.292	-0.01	oprd
34.925 -117.695	-0.01	phlb
32.665 -117.243	-0.01	plo3
33.836 -117.182	-0.01	ppbf
33.819 -116.494	-0.01	psap
34.092 -117.807	-0.01	psdm
34.629 -118.245	-0.01	qhtp
34.644 -116.625	-0.01	rdmt
36.715 -116.554	-0.01	rela
36.840 -116.468	-0.01	repo
34.019 -118.026	-0.01	rhcl
33.611 -116.610	-0.01	roch
36.218 -117.085	-0.01	roge
34.875 -118.193	-0.01	rstp
34.089 -117.353	-0.01	rths
36.316 -116.650	-0.01	ryan
33.553 -117.661	-0.01	sbcc
34.607 -117.388	-0.01	scia
33.913 -116.696	-0.01	sgps
35.971 -116.299	-0.01	shos
32.865 -117.250	-0.01	sio3
36.730 -116.211	-0.01	skul
33.292 -115.978	-0.01	slms
36.320 -115.588	-0.01	smyc
33.927 -117.929	-0.01	snhs
33.993 -117.849	-0.01	spms
31.045 -115.466	-0.01	spmx
36.645 -116.338	-0.01	stri
34.382 -117.678	-0.01	tabl
36.932 -116.574	-0.01	tate
36.935 -116.230	-0.01	tiva
33.618 -117.803	-0.01	trak
34.839 -116.530	-0.01	troy
33.030 -116.085	-0.01	usgc
34.502 -118.121	-0.01	vnps
34.669 -116.932	-0.01	womt
34.334 -118.397	-0.01	dam1
35.425 -116.889	-0.01	gold
34.254 -118.524	-0.01	csn1
34.137 -118.127	-0.01	cit1
31.871 -116.667	-0.01	cice
33.446 -118.483	-0.01	cat1
34.185 -118.277	-0.01	bran
34.157 -118.830	-0.01	aoa1
33.925 -118.168	-0.01	holp
34.205 -118.173	-0.01	jplm
33.788 -118.203	-0.01	lbch
34.135 -118.322	-0.01	leep
34.112 -118.003	-0.01	long
34.330 -118.601	-0.01	oat2
33.612 -116.458	-0.01	pin1
33.743 -118.404	-0.01	pvep
34.236 -118.676	-0.01	rock
34.059 -118.646	-0.01	spk1
34.069 -118.442	-0.01	uclp
34.024 -118.285	-0.01	usc1
33.980 -118.031	-0.01	whc1
