         121
  -2.00000000      -8.23772717      -9.99999975E-05
  -2.00000000      -7.45318222      -9.99999975E-05
  -2.00000000      -6.66863632      -9.99999975E-05
  -2.00000000      -5.88409138      -9.99999975E-05
  -2.00000000      -5.09954548      -9.99999975E-05
  -2.00000000      -4.31500006      -9.99999975E-05
  -2.00000000      -3.53045464      -9.99999975E-05
  -2.00000000      -2.74590921      -9.99999975E-05
  -2.00000000      -1.96136332      -9.99999975E-05
  -2.00000000      -1.17681837      -9.99999975E-05
  -2.00000000     -0.392272949      -9.99999975E-05
  -1.60000002      -8.23772717      -9.99999975E-05
  -1.60000002      -7.45318222      -9.99999975E-05
  -1.60000002      -6.66863632      -9.99999975E-05
  -1.60000002      -5.88409138      -9.99999975E-05
  -1.60000002      -5.09954548      -9.99999975E-05
  -1.60000002      -4.31500006      -9.99999975E-05
  -1.60000002      -3.53045464      -9.99999975E-05
  -1.60000002      -2.74590921      -9.99999975E-05
  -1.60000002      -1.96136332      -9.99999975E-05
  -1.60000002      -1.17681837      -9.99999975E-05
  -1.60000002     -0.392272949      -9.99999975E-05
  -1.20000005      -8.23772717      -9.99999975E-05
  -1.20000005      -7.45318222      -9.99999975E-05
  -1.20000005      -6.66863632      -9.99999975E-05
  -1.20000005      -5.88409138      -9.99999975E-05
  -1.20000005      -5.09954548      -9.99999975E-05
  -1.20000005      -4.31500006      -9.99999975E-05
  -1.20000005      -3.53045464      -9.99999975E-05
  -1.20000005      -2.74590921      -9.99999975E-05
  -1.20000005      -1.96136332      -9.99999975E-05
  -1.20000005      -1.17681837      -9.99999975E-05
  -1.20000005     -0.392272949      -9.99999975E-05
 -0.799999952      -8.23772717      -9.99999975E-05
 -0.799999952      -7.45318222      -9.99999975E-05
 -0.799999952      -6.66863632      -9.99999975E-05
 -0.799999952      -5.88409138      -9.99999975E-05
 -0.799999952      -5.09954548      -9.99999975E-05
 -0.799999952      -4.31500006      -9.99999975E-05
 -0.799999952      -3.53045464      -9.99999975E-05
 -0.799999952      -2.74590921      -9.99999975E-05
 -0.799999952      -1.96136332      -9.99999975E-05
 -0.799999952      -1.17681837      -9.99999975E-05
 -0.799999952     -0.392272949      -9.99999975E-05
 -0.399999976      -8.23772717      -9.99999975E-05
 -0.399999976      -7.45318222      -9.99999975E-05
 -0.399999976      -6.66863632      -9.99999975E-05
 -0.399999976      -5.88409138      -9.99999975E-05
 -0.399999976      -5.09954548      -9.99999975E-05
 -0.399999976      -4.31500006      -9.99999975E-05
 -0.399999976      -3.53045464      -9.99999975E-05
 -0.399999976      -2.74590921      -9.99999975E-05
 -0.399999976      -1.96136332      -9.99999975E-05
 -0.399999976      -1.17681837      -9.99999975E-05
 -0.399999976     -0.392272949      -9.99999975E-05
   0.00000000      -8.23772717      -9.99999975E-05
   0.00000000      -7.45318222      -9.99999975E-05
   0.00000000      -6.66863632      -9.99999975E-05
   0.00000000      -5.88409138      -9.99999975E-05
   0.00000000      -5.09954548      -9.99999975E-05
   0.00000000      -4.31500006      -9.99999975E-05
   0.00000000      -3.53045464      -9.99999975E-05
   0.00000000      -2.74590921      -9.99999975E-05
   0.00000000      -1.96136332      -9.99999975E-05
   0.00000000      -1.17681837      -9.99999975E-05
   0.00000000     -0.392272949      -9.99999975E-05
  0.400000095      -8.23772717      -9.99999975E-05
  0.400000095      -7.45318222      -9.99999975E-05
  0.400000095      -6.66863632      -9.99999975E-05
  0.400000095      -5.88409138      -9.99999975E-05
  0.400000095      -5.09954548      -9.99999975E-05
  0.400000095      -4.31500006      -9.99999975E-05
  0.400000095      -3.53045464      -9.99999975E-05
  0.400000095      -2.74590921      -9.99999975E-05
  0.400000095      -1.96136332      -9.99999975E-05
  0.400000095      -1.17681837      -9.99999975E-05
  0.400000095     -0.392272949      -9.99999975E-05
  0.799999952      -8.23772717      -9.99999975E-05
  0.799999952      -7.45318222      -9.99999975E-05
  0.799999952      -6.66863632      -9.99999975E-05
  0.799999952      -5.88409138      -9.99999975E-05
  0.799999952      -5.09954548      -9.99999975E-05
  0.799999952      -4.31500006      -9.99999975E-05
  0.799999952      -3.53045464      -9.99999975E-05
  0.799999952      -2.74590921      -9.99999975E-05
  0.799999952      -1.96136332      -9.99999975E-05
  0.799999952      -1.17681837      -9.99999975E-05
  0.799999952     -0.392272949      -9.99999975E-05
   1.20000005      -8.23772717      -9.99999975E-05
   1.20000005      -7.45318222      -9.99999975E-05
   1.20000005      -6.66863632      -9.99999975E-05
   1.20000005      -5.88409138      -9.99999975E-05
   1.20000005      -5.09954548      -9.99999975E-05
   1.20000005      -4.31500006      -9.99999975E-05
   1.20000005      -3.53045464      -9.99999975E-05
   1.20000005      -2.74590921      -9.99999975E-05
   1.20000005      -1.96136332      -9.99999975E-05
   1.20000005      -1.17681837      -9.99999975E-05
   1.20000005     -0.392272949      -9.99999975E-05
   1.59999990      -8.23772717      -9.99999975E-05
   1.59999990      -7.45318222      -9.99999975E-05
   1.59999990      -6.66863632      -9.99999975E-05
   1.59999990      -5.88409138      -9.99999975E-05
   1.59999990      -5.09954548      -9.99999975E-05
   1.59999990      -4.31500006      -9.99999975E-05
   1.59999990      -3.53045464      -9.99999975E-05
   1.59999990      -2.74590921      -9.99999975E-05
   1.59999990      -1.96136332      -9.99999975E-05
   1.59999990      -1.17681837      -9.99999975E-05
   1.59999990     -0.392272949      -9.99999975E-05
   2.00000000      -8.23772717      -9.99999975E-05
   2.00000000      -7.45318222      -9.99999975E-05
   2.00000000      -6.66863632      -9.99999975E-05
   2.00000000      -5.88409138      -9.99999975E-05
   2.00000000      -5.09954548      -9.99999975E-05
   2.00000000      -4.31500006      -9.99999975E-05
   2.00000000      -3.53045464      -9.99999975E-05
   2.00000000      -2.74590921      -9.99999975E-05
   2.00000000      -1.96136332      -9.99999975E-05
   2.00000000      -1.17681837      -9.99999975E-05
   2.00000000     -0.392272949      -9.99999975E-05
